Test ratio: 0.6
Unseen data real labels:
[0 1 0 0 1 1 0 1 0 1 1 1 0 1 1 1 1 0 1 1 1 1 0 0 0 0 1 1 0 0 0 1 0 1 1 0 0
 0 0 1 0 0 0 1 0 1 0 1 0 0 1 0 1 0 0 1 1 1 0 1 0 1 0 0 0 0 1 1 0 0 0 0 0 1
 0 1 1 1 0 0 0 0 0 0 1 0 0 0 0 1 0 1 0 0 0 1 0 1 1 0 1 0 1 0 1 0 1 0 1 0 1
 0 1 1 0 1 0 0 0 0 1 0 0 0 1 0 1 0 1 1 0 0 1 1 0 1 1 0 0 1 0 1 1 0 1 0 0 1
 1 1 1 1 0 1 0 0 1 0 1 0 1 0 1 1 0 1 1 1 0 0 0 0 0 0 0 0 1 1 1]
Unseen data predictions:
[0 1 1 0 1 1 0 1 0 1 1 1 0 1 1 0 1 0 1 1 1 0 0 0 0 0 0 1 0 0 0 1 0 1 1 1 0
 0 0 0 0 0 0 1 0 0 0 1 0 0 0 0 1 0 1 1 1 1 0 1 1 1 0 0 0 0 0 1 1 1 0 0 1 1
 0 0 1 1 0 0 0 0 1 0 1 0 1 0 1 0 1 0 0 0 1 0 0 1 1 0 0 1 1 0 1 1 0 0 1 0 1
 1 1 0 0 1 0 0 1 0 1 1 1 0 1 1 1 0 1 1 0 0 1 1 0 1 1 0 0 0 0 1 1 0 0 1 1 1
 1 1 1 0 0 1 1 0 1 0 1 0 1 0 1 0 0 1 0 0 0 0 0 0 0 0 1 0 0 1 1]

Test ratio: 0.4
Unseen data real labels:
[0 1 0 0 1 1 0 1 0 1 1 1 0 1 1 1 1 0 1 1 1 1 0 0 0 0 1 1 0 0 0 1 0 1 1 0 0
 0 0 1 0 0 0 1 0 1 0 1 0 0 1 0 1 0 0 1 1 1 0 1 0 1 0 0 0 0 1 1 0 0 0 0 0 1
 0 1 1 1 0 0 0 0 0 0 1 0 0 0 0 1 0 1 0 0 0 1 0 1 1 0 1 0 1 0 1 0 1 0 1 0 1
 0 1 1 0 1 0 0 0]
Unseen data predictions:
[0 1 1 0 1 1 0 1 0 1 0 1 0 0 1 0 1 0 0 1 0 0 1 0 0 0 0 1 0 0 0 1 0 1 0 0 0
 0 0 1 0 0 0 1 0 0 0 0 1 1 0 1 1 0 1 1 1 1 0 1 0 1 0 0 0 0 0 1 0 0 1 0 1 0
 0 1 1 1 0 0 0 0 0 0 1 0 1 0 0 0 0 0 0 0 1 0 0 1 0 0 0 1 1 0 1 1 0 0 1 0 1
 0 1 1 0 1 0 0 1]

Test ratio: 0.2
Unseen data real labels:
[0 1 0 0 1 1 0 1 0 1 1 1 0 1 1 1 1 0 1 1 1 1 0 0 0 0 1 1 0 0 0 1 0 1 1 0 0
 0 0 1 0 0 0 1 0 1 0 1 0 0 1 0 1 0 0 1 1 1 0 1]
Unseen data predictions:
[0 1 1 0 1 1 0 1 0 1 1 1 0 0 1 0 1 0 0 0 1 0 0 0 0 0 0 1 0 0 0 1 0 1 0 0 0
 0 0 1 0 0 0 1 0 0 0 0 0 1 1 1 1 0 1 1 1 1 0 1]

Test ratio: 0.1
Unseen data real labels:
[0 1 0 0 1 1 0 1 0 1 1 1 0 1 1 1 1 0 1 1 1 1 0 0 0 0 1 1 0 0]
Unseen data predictions:
[0 1 1 0 1 1 0 1 0 1 0 1 0 0 1 0 1 0 0 0 1 0 1 1 0 0 1 1 0 0]

